1 0.08205922 0.08415824 0.7841903 0.2116645
-0.02883866 -0.01642472 0.1183871 0.08205922 1
0.9892112 0.0686246 0.1167802 -0.06969772 0.03635417
0.1193534 0.08415824 0.9892112 1 0.06934023
0.1138175 -0.07169334 0.03331347 0.1142799 0.7841903
0.0686246 0.06934023 1 0.1790591 -0.00581161
0.0009159591 0.09360407 0.2116645 0.1167802 0.1138175
0.1790591 1 -0.06872102 0.04497174 0.2796524
-0.02883866 -0.06969772 -0.07169334 -0.00581161 -0.06872102
1 0.02724734 -0.04833257 -0.01642472 0.03635417
0.03331347 0.0009159591 0.04497174 0.02724734 1
0.1735623 0.1183871 0.1193534 0.1142799 0.09360407
0.2796524 -0.04833257 0.1735623 1
